I
1000 Generated by WorldEditor

1    979 1 0 KCRW Charleston Yeager-GW
100 45.72 1 0 0.25 1 3 1 05  38.36915363 -081.60223594    0    0 3 0 0 1 23  38.38187416 -081.58482538  152    0 3 1 0 1
110 1 1.00 0.0000 New Taxiway 8
111  38.36565234 -081.59157556
111  38.36572388 -081.59143300
111  38.36687302 -081.59265907
113  38.36681042 -081.59276171
110 1 1.00 0.0000 New Taxiway 7
111  38.36536169 -081.59180937
111  38.36656450 -081.59312097
111  38.36647954 -081.59327494
113  38.36527227 -081.59199186
110 1 1.00 0.0000 New Taxiway 6
111  38.36438693 -081.59078291
111  38.36514260 -081.59156416
111  38.36501740 -081.59176374
113  38.36425726 -081.59096539
110 1 1.00 0.0000 New Taxiway 5
111  38.36288455 -081.58937442
111  38.36296950 -081.58920905
111  38.36399792 -081.59025259
113  38.36389061 -081.59042366
110 2 1.00 0.0000 ANG EAST
111  38.37497242 -081.59186979
111  38.37126304 -081.59186586
111  38.37105059 -081.59165979 3
111  38.37118059 -081.59143351 3
111  38.37145435 -081.59131647 3
111  38.37182981 -081.59157884 3
111  38.37204775 -081.59138084 3
111  38.37219648 -081.59135870 3
111  38.37219495 -081.59015967 3
111  38.37366215 -081.59017369 3
111  38.37366488 -081.58987270 3
111  38.37426925 -081.58987669 3
111  38.37427554 -081.59017609 3
111  38.37465276 -081.59018316 3
111  38.37507708 -081.59051448 3
111  38.37476248 -081.59111999 3
111  38.37482182 -081.59118854 3
111  38.37486884 -081.59126566 3
111  38.37496848 -081.59128565 3
111  38.37501439 -081.59127708 3
111  38.37544309 -081.59071294 3
113  38.37565619 -081.59098977 3
110 2 1.00 0.0000 ANG WEST
111  38.37342686 -081.59399958 3
111  38.37319470 -081.59405967 3
111  38.37300123 -081.59399422 3
111  38.37122049 -081.59226361 3
111  38.37104757 -081.59221179
113  38.37470912 -081.59221303 3
110 2 1.00 90.0000 GA
111  38.36299009 -081.58823453
111  38.36338073 -081.58863273 53
111  38.36375527 -081.58900980
111  38.36423584 -081.58950438 53
111  38.36448429 -081.58975764
111  38.36497345 -081.59025154 53
111  38.36517619 -081.59046293
111  38.36565874 -081.59095482
111  38.36584937 -081.59114914
111  38.36621623 -081.59152309 53
111  38.36804562 -081.59338788 53
111  38.36748216 -081.59432345 53
111  38.36668512 -081.59459941 53
111  38.36608625 -081.59472671 53
111  38.36550401 -081.59450923 53
111  38.36416065 -081.59361841 53
111  38.36196533 -081.59360551 53
111  38.36126078 -081.59323767 53
111  38.36114972 -081.59199150 53
113  38.36131698 -081.59071505 53
110 2 1.00 0.0000 TERMINAL
111  38.36991374 -081.59852992
111  38.36957107 -081.59813083
111  38.36987498 -081.59770380
111  38.36964235 -081.59732925
111  38.37015704 -081.59678041
111  38.37032380 -081.59665324
111  38.37035803 -081.59658847
111  38.37038976 -081.59647771
111  38.37035022 -081.59583117
111  38.37028783 -081.59580026
111  38.37007695 -081.59543420
111  38.36996667 -081.59530978
111  38.36976523 -081.59511285
111  38.36921851 -081.59475079
111  38.36913395 -081.59465846
111  38.36926339 -081.59436334
111  38.36908825 -081.59389325 5
111  38.36999243 -081.59387861 5
111  38.37220949 -081.59612909 5
111  38.37221706 -081.59633820 5
113  38.37007970 -081.59925343
110 2 1.00 0.0000 ILS PAD
111  38.38006537 -081.58851062 3 106
111  38.37988332 -081.58828596 3 106
111  38.37993834 -081.58821082 3 106
111  38.37980071 -081.58804710
111  38.37985311 -081.58797413 3 106
111  38.37999120 -081.58813863 3 106
111  38.38004936 -081.58805920 3 106
111  38.38023513 -081.58827979 3 106
111  38.38017579 -081.58836048 3 106
111  38.38037511 -081.58859595 3 106
111  38.38032174 -081.58866772 3 106
113  38.38012233 -081.58843317 3 106
110 2 1.00 0.0000 ILSPAD
111  38.37218539 -081.59937743 3 106
111  38.37200334 -081.59915277 3 106
111  38.37205876 -081.59907708 3 106
111  38.37188970 -081.59887567
111  38.37194265 -081.59880299 3 106
111  38.37211226 -081.59900402 3 106
111  38.37216938 -081.59892601 3 106
111  38.37235515 -081.59914660 3 106
111  38.37229650 -081.59922635 3 106
111  38.37248308 -081.59944777 3 106
111  38.37243046 -081.59952095 3 106
113  38.37224230 -081.59930004 3 106
110 1 1.00 0.0000 A
111  38.38145673 -081.58501369 3 102
111  38.38142641 -081.58477171 3 102
111  38.38133558 -081.58466340 3 102
111  38.38129997 -081.58462094 3 102
111  38.38113748 -081.58463242 3 102
111  38.38056951 -081.58540975
111  38.38018353 -081.58593802 3 102
111  38.37593096 -081.59175821
111  38.37584835 -081.59187128
111  38.37559903 -081.59221250 3 102
111  38.37370816 -081.59480040
111  38.37332057 -081.59533362
111  38.37280940 -081.59603071
111  38.37242411 -081.59656734 3 102
111  38.37182545 -081.59737837
111  38.37143829 -081.59790702 3 102
111  38.37042036 -081.59930018
111  38.37011847 -081.59971336 3 102
111  38.36954498 -081.60049826 3 102
111  38.36895571 -081.60130474 3 102
111  38.36895532 -081.60152317 3 102
111  38.36899161 -081.60156599 3 102
111  38.36908164 -081.60167223 3 102
111  38.36930058 -081.60165441
111  38.36900904 -081.60206036 3 102
111  38.36889548 -081.60192683 3 102
111  38.36880437 -081.60181970 3 102
111  38.36848162 -081.60144021 3 102
111  38.36934178 -081.60026319 3 102
111  38.37007970 -081.59925343
111  38.37221706 -081.59633820
111  38.37220949 -081.59612909
111  38.37239355 -081.59587894 3 102
111  38.37256449 -081.59586114 3 102
111  38.37259700 -081.59581549
111  38.37310573 -081.59511607
111  38.37349379 -081.59458167 3 102
111  38.37510499 -081.59237695
111  38.37547403 -081.59187196 3 102
111  38.37587027 -081.59132975 3 102
111  38.38120370 -081.58403162 3 102
111  38.38152269 -081.58440787 3 102
113  38.38172635 -081.58464807
110 1 1.00 0.0000 A1
111  38.38050352 -081.58632888 3 102
111  38.38048891 -081.58605234 3 102
111  38.38040034 -081.58594788 3 102
111  38.38036365 -081.58590460 3 102
111  38.38018353 -081.58593802
111  38.38056951 -081.58540975 3 102
111  38.38055139 -081.58564563 3 102
111  38.38058724 -081.58568754 3 102
111  38.38067905 -081.58579487 3 102
113  38.38089157 -081.58579542
110 1 1.00 0.0000 A2
111  38.37611100 -081.59233348 3 102
111  38.37599023 -081.59221406 3 102
111  38.37582109 -081.59221393 3 102
111  38.37559882 -081.59221376
111  38.37510499 -081.59237695 3 102
111  38.37504380 -081.59221331 3 102
111  38.37470912 -081.59221303 52
111  38.37104757 -081.59221179
111  38.37126304 -081.59186586 52
111  38.37497242 -081.59186979 3 102
111  38.37547301 -081.59187032
111  38.37584835 -081.59187128
111  38.37593096 -081.59175821 3 102
111  38.37601196 -081.59187089 3 102
111  38.37607100 -081.59187095 3 102
111  38.37624039 -081.59187113 3 102
113  38.37653248 -081.59176247
110 1 1.00 0.0000 A3
111  38.37182545 -081.59737837 3 102
111  38.37182009 -081.59759949 3 102
111  38.37185634 -081.59764279 3 102
111  38.37194586 -081.59774973 3 102
111  38.37216843 -081.59773203
111  38.37177811 -081.59826068 3 102
111  38.37175923 -081.59800680 3 102
111  38.37166854 -081.59790092 3 102
111  38.37163243 -081.59785829 3 102
113  38.37143829 -081.59790702
110 1 1.00 0.0000 A4
111  38.37042036 -081.59930018 3 102
111  38.37040697 -081.59943608 3 102
111  38.37046284 -081.59955025 3 102
111  38.37055180 -081.59965352 3 102
111  38.37060279 -081.59969424 3 102
111  38.37066561 -081.59970558 3 102
111  38.37075280 -081.59968232
111  38.37031945 -081.60027000 3 102
111  38.37037017 -081.60012617 3 102
111  38.37038557 -081.60003114 3 102
111  38.37037055 -081.59990723 3 102
111  38.37029347 -081.59978494 3 102
111  38.37026530 -081.59973784 3 102
113  38.37011847 -081.59971336
110 1 1.00 0.0000 B
111  38.37276303 -081.59691759 3 102
111  38.37273858 -081.59666512 3 102
111  38.37264188 -081.59656693 3 102
111  38.37260403 -081.59652849 3 102
111  38.37242411 -081.59656734
111  38.37221706 -081.59633820
111  38.37220949 -081.59612909
111  38.36999243 -081.59387861
111  38.36908825 -081.59389325 3 102
111  38.36674759 -081.59152637
111  38.36637770 -081.59114019 3 102
111  38.36587265 -081.59062438
111  38.36538933 -081.59013076 3 102
111  38.36518331 -081.58992034 3 102
111  38.36493561 -081.58995133
111  38.36472052 -081.58973834 3 102
111  38.36469575 -081.58942244 3 102
111  38.36444874 -081.58917103
111  38.36396249 -081.58867382 3 102
111  38.36359298 -081.58829641 3 102
111  38.36333379 -081.58832915 3 102
111  38.36338073 -081.58863273
111  38.36299009 -081.58823453 3 102
111  38.36338090 -081.58765738 3 102
111  38.36412956 -081.58841093
111  38.36460931 -081.58889450 3 102
111  38.36486403 -081.58915231 3 102
111  38.36511864 -081.58908524
111  38.36533976 -081.58930894 3 102
111  38.36535169 -081.58964487 3 102
111  38.36685079 -081.59115243
111  38.36719747 -081.59151444 3 102
111  38.36917377 -081.59351835 3 102
111  38.36974499 -081.59351148 3 102
111  38.36995906 -081.59340402 3 102
111  38.37008353 -081.59320716
111  38.37029111 -081.59341931 3 102
111  38.37029160 -081.59373986 3 102
111  38.37116410 -081.59462692 3 102
111  38.37140726 -081.59455215
111  38.37160601 -081.59475947 3 102
111  38.37160177 -081.59507500 3 102
111  38.37239355 -081.59587894
111  38.37280940 -081.59603071 3 102
111  38.37278731 -081.59627796 3 102
111  38.37282592 -081.59631710 3 102
111  38.37292137 -081.59641387 3 102
113  38.37315021 -081.59638498
110 1 1.00 0.0000 B1
111  38.36522623 -081.58799746 3 102
111  38.36492376 -081.58807578 3 102
111  38.36461293 -081.58857152 3 102
111  38.36460931 -081.58889450
111  38.36412956 -081.58841093 3 102
111  38.36439413 -081.58835085 3 102
113  38.36485328 -081.58762045
110 1 1.00 0.0000 B2
111  38.36593316 -081.58871489 3 102
111  38.36565131 -081.58881341 3 102
111  38.36533976 -081.58930894
111  38.36493561 -081.58995133 3 102
111  38.36497345 -081.59025154
111  38.36448429 -081.58975764 3 102
111  38.36472052 -081.58973834
111  38.36512052 -081.58908512 3 102
111  38.36542722 -081.58858829 3 102
113  38.36544806 -081.58822262
110 1 1.00 0.0000 B3
111  38.36517619 -081.59046293 3 102
111  38.36542391 -081.59044579 3 102
111  38.36538933 -081.59013076
111  38.36587265 -081.59062438 3 102
111  38.36563913 -081.59066710 3 102
113  38.36565874 -081.59095482
110 1 1.00 0.0000 B1
111  38.36375527 -081.58900980 3 102
111  38.36398842 -081.58899330 3 102
111  38.36396249 -081.58867382
111  38.36444874 -081.58917103 3 102
111  38.36420731 -081.58921481 3 102
113  38.36423584 -081.58950438
110 1 1.00 0.0000 C
111  38.37530202 -081.59755288 3 102
111  38.37504478 -081.59796342 3 102
111  38.37388162 -081.59678281 3 102
111  38.37361751 -081.59651474
111  38.37315021 -081.59638498 3 102
111  38.37317708 -081.59606771 3 102
111  38.37308038 -081.59596955 3 102
111  38.37304192 -081.59593053 3 102
111  38.37280940 -081.59603071
111  38.37259700 -081.59581549 3 102
111  38.37263762 -081.59552029 3 102
111  38.37183052 -081.59470220 3 102
111  38.37160692 -081.59475947
111  38.37140816 -081.59455215 3 102
111  38.37139278 -081.59425665 3 102
111  38.37052309 -081.59337392 3 102
111  38.37029111 -081.59341931
111  38.37008353 -081.59320716 3 102
111  38.37008183 -081.59292606 3 102
111  38.36868506 -081.59150972
111  38.36833697 -081.59115270 3 102
111  38.36593316 -081.58871489
111  38.36544806 -081.58822262 3 102
111  38.36522623 -081.58799746
111  38.36485328 -081.58762045 3 102
111  38.36511048 -081.58720719 3 102
111  38.36934508 -081.59150807 3 102
111  38.37034005 -081.59251690 3 102
111  38.37053944 -081.59248223
111  38.37074751 -081.59269352 3 102
111  38.37078035 -081.59296366 3 102
111  38.37165064 -081.59384695 3 102
111  38.37186393 -081.59383047
111  38.37206472 -081.59403034 3 102
111  38.37209043 -081.59428934 3 102
111  38.37291759 -081.59513721 3 102
111  38.37310573 -081.59511607
111  38.37332057 -081.59533362 3 102
111  38.37336161 -081.59558347 3 102
111  38.37345882 -081.59568214 3 102
111  38.37366204 -081.59568068
111  38.37390000 -081.59612991 3 102
111  38.37415767 -081.59639143 3 102
113  38.37508544 -081.59733306
110 1 1.00 0.0000 C1
111  38.36868415 -081.59150972 3 102
111  38.36719819 -081.59151444
111  38.36674831 -081.59152637 3 102
111  38.36621623 -081.59152309
111  38.36584937 -081.59114914 3 102
111  38.36637842 -081.59114019
111  38.36685150 -081.59115243 3 102
113  38.36833607 -081.59115270
110 1 1.00 0.0000 C2
111  38.37126304 -081.59186586
111  38.37104757 -081.59221179
111  38.37074751 -081.59269352
111  38.37053944 -081.59248223 3 102
113  38.37105068 -081.59166110
110 1 1.00 0.0000 D
111  38.37074751 -081.59269352
111  38.37104757 -081.59221179 3 102
111  38.37112364 -081.59241583 3 102
111  38.37329252 -081.59462036 3 102
111  38.37349379 -081.59458167
111  38.37370816 -081.59480040 3 102
111  38.37369725 -081.59503489 3 102
111  38.37373478 -081.59507258 3 102
111  38.37383239 -081.59517060 3 102
111  38.37405744 -081.59515478
111  38.37366204 -081.59568068 3 102
111  38.37364422 -081.59542768 3 102
111  38.37354789 -081.59532965 3 102
111  38.37351043 -081.59529152 3 102
111  38.37332057 -081.59533362
111  38.37310573 -081.59511607 3 102
111  38.37310432 -081.59487970 3 102
111  38.37226298 -081.59402059 3 102
111  38.37206381 -081.59403034
111  38.37186302 -081.59383047 3 102
111  38.37182230 -081.59357355 3 102
113  38.37095301 -081.59268889 3 102
110 1 1.00 0.0000 XX
111  38.37426976 -081.59561498 3 102
111  38.37452522 -081.59587387 3 102
111  38.37563875 -081.59700489 3 102
111  38.37530112 -081.59755288
111  38.37508453 -081.59733306 3 102
111  38.37525712 -081.59706179 3 102
111  38.37434190 -081.59613358 3 102
113  38.37408301 -081.59587101
130 Airport Boundary 2
111  38.36934149 -081.60398329
111  38.36782273 -081.60253135
111  38.36726279 -081.59984684
111  38.36769438 -081.59675221
111  38.36613250 -081.59534985
111  38.36395198 -081.59405747
111  38.36176620 -081.59414950
111  38.36074221 -081.59357685
111  38.36075383 -081.59199188
111  38.36073936 -081.59097421
111  38.36091447 -081.58965771
111  38.36218448 -081.58830552
111  38.36329829 -081.58646194
111  38.36514748 -081.58656036
111  38.36914692 -081.58955128
111  38.37101401 -081.58695293
111  38.37297058 -081.58600779
111  38.37504433 -081.58599671
111  38.37781875 -081.58664365
111  38.38094907 -081.58233304
111  38.38192156 -081.58245369
111  38.38351876 -081.58448409
111  38.38328762 -081.58555809
111  38.38249640 -081.58665496
111  38.38182004 -081.58924273
111  38.37956551 -081.59262121
111  38.37804371 -081.59215398
111  38.37511282 -081.59596375
111  38.37597165 -081.59698709
111  38.37499558 -081.59887855
113  38.37392920 -081.59826399
120 Linear Feature 21
111  38.36519591 -081.59109686 1
111  38.36396747 -081.59304585 1
111  38.36169375 -081.59064735 1
115  38.36292181 -081.58870602
120 Linear Feature 26
111  38.37509081 -081.59265067 52 101
111  38.37556461 -081.59212195 52 101
115  38.37572396 -081.59203621
120 Linear Feature 25
111  38.37602086 -081.59137608 51 101
111  38.37555383 -081.59192956 51 101
115  38.37535179 -081.59203726
120 Linear Feature 24
111  38.37231880 -081.59644960 52 101
112  38.37251079 -081.59633979  38.37258073 -081.59633009 52 101
111  38.37274052 -081.59642788 52 101
112  38.37262523 -081.59619452  38.37261459 -081.59613441 52 101
115  38.37266474 -081.59597550
120 Linear Feature 22
111  38.37026121 -081.59322483 51 101
112  38.37030387 -081.59297422  38.37029409 -081.59285783 51 101
115  38.37006554 -081.59257218
120 Linear Feature 21
111  38.37196695 -081.59393083 51 101
112  38.37201846 -081.59369385  38.37199874 -081.59360332 51 101
115  38.37187692 -081.59341709
120 Linear Feature 20
111  38.37106880 -081.59471715 51 101
112  38.37131021 -081.59479667  38.37140090 -081.59478158 51 101
115  38.37146473 -081.59472158
120 Linear Feature 19
111  38.37234936 -081.59390252 51 101
112  38.37212700 -081.59382525  38.37204418 -081.59384033 51 101
111  38.37196695 -081.59393083 51 101
111  38.37146473 -081.59472158 51 101
112  38.37147025 -081.59498203  38.37148208 -081.59514298 51 101
115  38.37156241 -081.59522227
120 Linear Feature 18
111  38.37066084 -081.59258039 51 101
112  38.37042242 -081.59274420  38.37036049 -081.59274420 51 101
115  38.37006554 -081.59257218
120 Linear Feature 17
111  38.36596257 -081.59049870 51 101
112  38.36572313 -081.59039893  38.36563129 -081.59037249 51 101
111  38.36559072 -081.59045070 51 101
115  38.36519591 -081.59109686
120 Linear Feature 16
111  38.36606217 -081.58850410 51 101
112  38.36584644 -081.58841342  38.36573682 -081.58840208 51 101
111  38.36570113 -081.58847922 51 101
115  38.36449706 -081.59039007
120 Linear Feature 15
111  38.36906497 -081.59155544 51 101
112  38.36877222 -081.59137943  38.36869387 -081.59134820 51 101
111  38.36834936 -081.59132103 51 101
111  38.36603145 -081.59134501 51 101
115  38.36584207 -081.59164585
120 Linear Feature 14
111  38.37099725 -081.59204890 51 101
115  38.37070046 -081.59250904
120 Linear Feature 13
111  38.37337776 -081.59645106 51 101
112  38.37315615 -081.59670878  38.37310158 -081.59676340 51 101
111  38.37303953 -081.59672398 51 101
111  38.37295409 -081.59664643 51 101
111  38.37274052 -081.59642788 52 101
111  38.37250966 -081.59619163 51 101
111  38.37231132 -081.59598865 51 101
111  38.37156241 -081.59522227 51 101
111  38.37138344 -081.59503913 51 101
111  38.37106880 -081.59471715 51 101
111  38.37010436 -081.59373020 51 101
115  38.36994318 -081.59373002
120 Linear Feature 12
111  38.37694806 -081.59155908 51 101
112  38.37663845 -081.59195918  38.37653434 -081.59204217 51 101
111  38.37649882 -081.59203403 51 101
111  38.37594620 -081.59203559 52 101
111  38.37572396 -081.59203621 52 101
111  38.37554450 -081.59203672 51 101
111  38.37535179 -081.59203726 51 101
111  38.37482337 -081.59203875 51 101
111  38.37099873 -081.59204951 51 101
112  38.37091576 -081.59229729  38.37091250 -081.59238459 51 101
115  38.37096660 -081.59248136
120 Linear Feature 11
111  38.37278070 -081.59533123 51 101
111  38.37006554 -081.59257218 51 101
111  38.36906497 -081.59155544 51 101
111  38.36606217 -081.58850410 51 101
111  38.36530867 -081.58773842 51 101
111  38.36513516 -081.58763331 51 101
111  38.36503106 -081.58763331 51 101
115  38.36376513 -081.58965036
120 Linear Feature 23
111  38.37006308 -081.59354432 51 101
112  38.37006567 -081.59362974  38.37007587 -081.59368426 51 101
115  38.37010436 -081.59373020
120 Linear Feature 10
111  38.37322780 -081.59577361 51 101
111  38.37343661 -081.59598788
111  38.37376503 -081.59632487 51 101
111  38.37402469 -081.59659131 51 101
111  38.37502191 -081.59759358 51 101
111  38.37514211 -081.59753963 51 101
111  38.37536693 -081.59718188 51 101
111  38.37535580 -081.59696042 51 101
111  38.37442313 -081.59601494 51 101
111  38.37417182 -081.59575613
111  38.37385775 -081.59543270 51 101
111  38.37363738 -081.59520575 52 101
111  38.37339923 -081.59497185 51 101
111  38.37319219 -081.59476851 51 101
111  38.37234936 -081.59390252 51 101
111  38.37187692 -081.59341709 51 101
111  38.37096660 -081.59248136 51 101
112  38.37085524 -081.59242516  38.37080636 -081.59242932 51 101
111  38.37070172 -081.59251448 51 101
111  38.37066084 -081.59258039 51 101
111  38.37026121 -081.59322483 51 101
111  38.37006308 -081.59354432 51 101
111  38.36994318 -081.59373002 51 101
111  38.36914763 -081.59373402 51 101
111  38.36596257 -081.59049870 51 101
111  38.36353507 -081.58803290 51 101
111  38.36340601 -081.58802375 51 101
111  38.36329130 -081.58811520 51 101
111  38.36292181 -081.58870602 51 101
111  38.36296517 -081.58884067 51 101
111  38.36376513 -081.58965036 51 101
111  38.36449706 -081.59039007 51 101
111  38.36519610 -081.59109709 51 101
111  38.36573871 -081.59164590 51 101
115  38.36584207 -081.59164585
120 Linear Feature 9
111  38.37321308 -081.59522403 52 101
112  38.37341232 -081.59516864  38.37351418 -081.59516282 52 101
111  38.37363738 -081.59520575 52 101
112  38.37354592 -081.59495569  38.37353984 -081.59491691 52 101
111  38.37360153 -081.59469202 51 101
112  38.37342046 -081.59479308  38.37336116 -081.59480666 51 101
111  38.37319273 -081.59476849 51 101
114  38.37324845 -081.59501248  38.37324845 -081.59507066 51 101
120 Linear Feature 8
111  38.37282297 -081.59575865 52 101
112  38.37302490 -081.59568357  38.37308723 -081.59567775 51 101
111  38.37322780 -081.59577361 52 101
112  38.37311743 -081.59553844  38.37311135 -081.59547444 51 101
111  38.37312631 -081.59534294 51 101
112  38.37298336 -081.59542029  38.37292407 -081.59542417 51 101
111  38.37278070 -081.59533123 51 101
114  38.37288623 -081.59555451  38.37288319 -081.59563402 51 101
120 Linear Feature 7
111  38.37231880 -081.59644960 51 101
112  38.37240665 -081.59622238  38.37241274 -081.59612542 51 101
111  38.37231132 -081.59598865 51 101
112  38.37251187 -081.59605525  38.37257724 -081.59604749 51 101
115  38.37266474 -081.59597550
120 Linear Feature 6
111  38.37163924 -081.59763369 52 101
112  38.37152905 -081.59765555  38.37144543 -081.59770035 52 101
115  38.37127020 -081.59788666
120 Linear Feature 5
111  38.37250846 -081.59763057 51 101
111  38.37219750 -081.59804594 51 101
112  38.37210201 -081.59808342  38.37201297 -081.59809374 51 101
111  38.37195265 -081.59801471 51 101
111  38.37176166 -081.59777111 51 101
111  38.37163924 -081.59763369 52 101
112  38.37163189 -081.59749627  38.37163523 -081.59739388 52 101
115  38.37179427 -081.59716844
120 Linear Feature 4
111  38.37061860 -081.59878401 52 101
112  38.37029856 -081.59929958  38.37025816 -081.59938546 52 101
111  38.37028184 -081.59947604 52 101
111  38.37037458 -081.59966996 51 101
111  38.37057831 -081.59991042 51 101
111  38.37063393 -081.59996710 51 101
112  38.37082764 -081.59990848  38.37090298 -081.59982161 51 101
115  38.37118188 -081.59945277
120 Linear Feature 3
111  38.38023043 -081.58707347 51 101
112  38.38070148 -081.58638000  38.38072814 -081.58632709 51 101
111  38.38072033 -081.58621164 51 101
111  38.38069879 -081.58606047 51 101
111  38.38049409 -081.58581997 52 101
111  38.38037827 -081.58568597 52 101
112  38.38027054 -081.58567910  38.38020832 -081.58571311 52 101
115  38.37967218 -081.58637209
120 Linear Feature 2
111  38.38023351 -081.58707825 51 101
111  38.38158986 -081.58521368 51 101
112  38.38163838 -081.58505758  38.38165185 -081.58499949 51 101
111  38.38164911 -081.58493882 51 101
111  38.38162756 -081.58478421 51 101
111  38.38143364 -081.58454714 52 101
111  38.38131782 -081.58441314 52 101
112  38.38117507 -081.58436847  38.38111286 -081.58440627 52 101
111  38.38101886 -081.58452652 52 101
111  38.37967218 -081.58637209 51 101
111  38.37602086 -081.59137608 51 101
111  38.37509081 -081.59265067 51 101
111  38.37360153 -081.59469202 51 101
111  38.37321308 -081.59522403 51 101
111  38.37312631 -081.59534294 51 101
111  38.37282297 -081.59575865 51 101
111  38.37266474 -081.59597550 51 101
111  38.37231880 -081.59644960 51 101
111  38.37179427 -081.59716844 51 101
111  38.37127020 -081.59788666 51 101
111  38.37061860 -081.59878401 51 101
111  38.36944635 -081.60039226 52 101
111  38.36878729 -081.60128939 52 101
111  38.36873577 -081.60143042 52 101
111  38.36878226 -081.60157786 52 101
111  38.36889032 -081.60170125 52 101
111  38.36908759 -081.60194004 51 101
112  38.36926978 -081.60197690  38.36937648 -081.60195719 51 101
111  38.36945970 -081.60183079 51 101
115  38.36977786 -081.60138990
120 Linear Feature 17
111  38.37140632 -081.59556102 1
112  38.37137874 -081.59548297  38.37134723 -081.59544277 1
115  38.37131262 -081.59544192
120 Linear Feature 14
111  38.37138728 -081.59669469 1
115  38.37131846 -081.59668886
120 Linear Feature 12
111  38.37212839 -081.59285135 1
111  38.37213047 -081.59304131 1
115  38.37242545 -081.59335909
120 Linear Feature 11
111  38.37268166 -081.59285297 1
111  38.37268419 -081.59309035 1
112  38.37273178 -081.59324791  38.37277989 -081.59332219 1
115  38.37293771 -081.59336073
120 Linear Feature 10
111  38.37323745 -081.59286265 1
111  38.37323745 -081.59309035 1
112  38.37330433 -081.59325438  38.37338156 -081.59335773 1
115  38.37350908 -081.59336257
120 Linear Feature 16
111  38.37140840 -081.59540495 1
111  38.37131262 -081.59544192 1
115  38.37112665 -081.59551370
120 Linear Feature 18
111  38.37138550 -081.59503915 1
112  38.37109891 -081.59493634  38.37101234 -081.59498584 1
115  38.37096159 -081.59501630
120 Linear Feature 9
111  38.37373881 -081.59286911 1
111  38.37374261 -081.59309520 1
112  38.37378945 -081.59317755  38.37382085 -081.59320330 1
115  38.37386807 -081.59317133
120 Linear Feature 8
111  38.37482337 -081.59203875 1
111  38.37454350 -081.59221562 1
111  38.37386807 -081.59317133 1
111  38.37373240 -081.59336328 1
111  38.37350908 -081.59336257 1
111  38.37293771 -081.59336073 1
115  38.37242545 -081.59335909
120 Linear Feature 7
111  38.37280517 -081.59109173 1
111  38.37274609 -081.59112446 1
115  38.37272732 -081.59117355
120 Linear Feature 15
111  38.37139436 -081.59627314 1
112  38.37136172 -081.59618745  38.37133405 -081.59616208 1
111  38.37128908 -081.59616208 1
112  38.37136431 -081.59612899  38.37138766 -081.59610473 1
115  38.37139851 -081.59602608
120 Linear Feature 6
111  38.37318145 -081.59109173 1
111  38.37312606 -081.59112019 1
115  38.37309619 -081.59116646
120 Linear Feature 13
111  38.37156427 -081.59522500 1
111  38.37140895 -081.59540468 1
111  38.37140632 -081.59556102 1
111  38.37139851 -081.59602608 1
111  38.37139436 -081.59627314 1
111  38.37138728 -081.59669469 1
115  38.37179427 -081.59716844
120 Linear Feature 20
111  38.37010780 -081.59373313 1
111  38.37028736 -081.59435381 1
115  38.37039140 -081.59464315
120 Linear Feature 5
111  38.37354106 -081.59109173 1
111  38.37348767 -081.59111618 1
115  38.37346135 -081.59117119
120 Linear Feature 4
111  38.37391549 -081.59109173 1
111  38.37387345 -081.59112670 1
115  38.37383949 -081.59117356
120 Linear Feature 3
111  38.37430320 -081.59109173 1
111  38.37424463 -081.59111661 1
115  38.37421207 -081.59116883
120 Linear Feature 1
111  38.37482337 -081.59203875 1
112  38.37445130 -081.59115623  38.37442248 -081.59108815 1
111  38.37430320 -081.59109173 1
111  38.37391549 -081.59109173 1
111  38.37354106 -081.59109173 1
111  38.37318145 -081.59109173 1
111  38.37280517 -081.59109173 1
111  38.37243932 -081.59109173 1
111  38.37237973 -081.59110681 1
115  38.37234901 -081.59117006
120 HOLD SHORT
111  38.37452522 -081.59587387 4 104
111  38.37434190 -081.59613358
111  38.37415677 -081.59639143 4 104
115  38.37388071 -081.59678281
120 ILS HOLD
111  38.37975915 -081.58651425 56 104
115  38.37955595 -081.58627918
120 ILS HOLD
111  38.36954498 -081.60049826 56 104
115  38.36934178 -081.60026319
120 HOLD SHORT
111  38.37029259 -081.59978492 4 104
111  38.37046219 -081.59955005
111  38.37166758 -081.59790091 4 104
111  38.37185624 -081.59764246
111  38.37264139 -081.59656781 4 104
111  38.37282563 -081.59631686
111  38.37307938 -081.59597068 4 104
111  38.37335998 -081.59558322
111  38.37354532 -081.59532991 4 104
111  38.37373251 -081.59507333
111  38.37582060 -081.59221424 4 104
111  38.37607104 -081.59187086
111  38.38039991 -081.58594739 4 104
111  38.38058801 -081.58568782
111  38.38133517 -081.58466296 4 104
115  38.38152327 -081.58440752
21  38.37388071 -081.59678281 6 137.0200 4.0 WIGWAG
21  38.37415677 -081.59639143 6 137.0200 4.0 WIGWAG
21  38.37434190 -081.59613358 6 137.0200 4.0 WIGWAG
21  38.37452522 -081.59587387 6 137.0200 4.0 WIGWAG
21  38.38152269 -081.58440787 6 317.0200 4.0 WIGWAG
21  38.38133517 -081.58466296 6 317.0200 4.0 WIGWAG
21  38.38058801 -081.58568782 6 317.0200 4.0 WIGWAG
21  38.38040034 -081.58594788 6 317.0200 4.0 WIGWAG
21  38.37607100 -081.59187095 6 359.8200 4.0 WIGWAG
21  38.37582109 -081.59221393 6 359.8200 4.0 WIGWAG
21  38.37373251 -081.59507333 6 317.0200 4.0 WIGWAG
21  38.37354532 -081.59532991 6 317.0200 4.0 WIGWAG
21  38.37335998 -081.59558322 6 317.0200 4.0 WIGWAG
21  38.37308065 -081.59596825 6 317.0200 4.0 WIGWAG
21  38.37282592 -081.59631710 6 317.0200 4.0 WIGWAG
21  38.37264139 -081.59656781 6 317.0200 4.0 WIGWAG
21  38.37185624 -081.59764246 6 317.0200 4.0 WIGWAG
21  38.37166854 -081.59790092 6 317.0200 4.0 WIGWAG
21  38.37046219 -081.59955005 6 317.0200 4.0 WIGWAG
21  38.37029259 -081.59978492 6 317.0200 4.0 WIGWAG
21  38.36954498 -081.60049826 6 227.0200 4.0 WIGWAG
21  38.36934178 -081.60026319 6 227.0200 4.0 WIGWAG
21  38.37237571 -081.59937649 2 47.0200 3.0 05  PAPI
21  38.38023935 -081.58851141 3 227.0200 3.0 23  PAPI
20  38.37516756 -081.59176451 360.0000 0 3 {@Y,^ld}A{@L}A2{@Y}A{^ru,@@,@L}A2
20  38.37481590 -081.59229339 360.0000 0 3 {@Y,^ld}A{@L}A2{@Y}A{^ru,@@,@L}A2
20  38.36452031 -081.58786923 231.3000 0 3 {@Y,^l}B{@L}B1{@Y}B{^r,@@,@L}B1
20  38.36523628 -081.58864004 231.3000 0 3 {@Y,^l}B{@L}B2{@Y}B{^r,@@,@L}B2
20  38.37035103 -081.59358136 232.5400 0 3 {@Y,^l}B{@L}C2{@Y}B{^r,@@,@L}C2
20  38.36996028 -081.59323386 232.5400 0 3 {@Y,^l}B{@L}C2{@Y}B{^r,@@,@L}C2
20  38.37044066 -081.59239254 232.5400 0 3 {@Y,^l}C{@L}C2{@Y}C{^r,@@,@L}C2
20  38.37082424 -081.59277662 232.5400 0 3 {@Y,^l}C{@L}C2{@Y}C{^r,@@,@L}C2
20  38.37071445 -081.59190024 51.4900 0 3 {@Y,^lu}A2{@L}C2{@@,@L}C2
20  38.37112286 -081.59230684 51.4900 0 3 {@Y,^lu}A2{@L}C2{@@,@L}C2
20  38.37134953 -081.59253619 141.3000 0 3 {@Y,^l}C2{@L}D{@Y}C2{^r,@@,@L}D
20  38.37164871 -081.59353368 321.5000 0 3 {@Y,^l}C3{@L}D{@@,@L}D
20  38.36563937 -081.58757253 141.3000 0 3 {@L}C{@Y}B1{^r,@@,@L}C
20  38.36636377 -081.58833044 141.3000 0 3 {@L}C{@Y}B2{^r,@@,@L}C
20  38.37234549 -081.59438285 141.3000 0 3 {@Y,^l}C3{@L}C{@Y}B6{^r,@@,@L}C
20  38.37239026 -081.59551793 321.5000 0 3 {@Y,^l}A{@L}C{@Y}A{^r,@@,@L}C
20  38.37117355 -081.59426912 321.5000 0 3 {@Y,^l}B6{@L}C{@Y}C3{^r,@@,@L}B
20  38.36972766 -081.59281691 321.5000 0 3 {@Y,^l}B5{@L}C{@Y}C2{^r,@@,@L}B
20  38.36786961 -081.59091953 321.5000 0 3 {@Y,^l}B4{@L}C{@@,@L}C
20  38.36521495 -081.58825475 321.5000 0 3 {@Y,^l}B2{@L}C{@@,@L}C
20  38.36627027 -081.59033092 141.3000 0 3 {@L}B{@Y}B3{^r,@@,@L}B
20  38.36484288 -081.58885540 141.3000 0 3 {@Y,^l}B1{@L}B{@Y}B1{^r,@@,@L}B
20  38.36556024 -081.58960584 141.3000 0 3 {@Y,^l}B2{@L}B{@Y}B2{^r,@@,@L}B
20  38.36767219 -081.59175101 141.3000 0 3 {@Y,^l}B4{@L}B{@Y}B4{^r,@@,@L}B
20  38.37266169 -081.59385501 141.3000 0 3 {@L}D{@Y}C3{^r,@@,@L}D
20  38.36952597 -081.59153361 141.3000 0 3 {@L}C{@Y}B4{^ru,@@,@L}C
20  38.37101887 -081.59304783 141.3000 0 3 {@Y,^l}C2{@L}C{@Y}B5{^r,@@,@L}C
20  38.37055040 -081.59380027 141.3000 0 3 {@Y,^l}C2{@L}B{@Y}B5{^r,@@,@L}B
20  38.37185902 -081.59514221 141.3000 0 3 {@Y,^l}C3{@L}B{@Y}B6{^r,@@,@L}B
20  38.37285244 -081.59477405 321.3000 0 3 {@Y,^l}A{@L}D{@Y}A{^r,@@,@L}D
20  38.37204415 -081.59603932 321.3000 0 3 {@Y,^l}A{@L}B{@Y}A{^r,@@,@L}B
20  38.37083517 -081.59481136 321.3000 0 3 {@L}B{@Y}B6{^r,@@,@L}B
20  38.36898713 -081.59398636 321.3000 0 3 {@L}B{@Y}B5{^r,@@,@L}B
20  38.36522122 -081.59014268 321.3000 0 3 {@Y,^l}B3{@L}B{@@,@L}B
20  38.36590288 -081.59083646 321.3000 0 3 {@Y,^l}B4{@L}B{@Y}B4{^r,@L}B
20  38.36448009 -081.58939592 321.3000 0 3 {@Y,^l}B2{@L}B{@Y}B2{^r,@L}B
20  38.36370279 -081.58860685 321.3000 0 3 {@Y,^l}B1{@L}B{@Y}B1{^r,@L}B
20  38.37252411 -081.59572794 227.0200 0 3 {@Y,^l}B{@L}A{@Y}B{^r,@@,@L}A
20  38.37303851 -081.59502984 227.0200 0 3 {@Y,^l}C{@L}A{@Y}C{^r,@@,@L}A
20  38.36959615 -081.60057298 227.0200 0 3 {@L}A{@Y}A{^r,@R}ILS_HOLD_R05{@@,@L}A
20  38.36928758 -081.60019352 227.0200 0 3 {@L}A{@Y}A{^r,@R}ILS_HOLD_R05{@@,@L}A
20  38.37044563 -081.59858025 227.0200 0 3 {@L}A{@Y}A4{^r}{@L}A
20  38.37173255 -081.59679760 227.0200 0 3 {@L}A{@Y}A3{^r}{@L}A
20  38.37374019 -081.59407608 227.0200 0 3 {@Y,^l}D{@L}A{@Y}D{^r,@@,@L}A
20  38.37609305 -081.59085653 227.0200 0 3 {@Y,^lu}A2{@L}A{@Y}A2{^rd,@@,@L}A
20  38.38064306 -081.58462211 48.0700 0 3 {@Y,^l}A1{@L}A{@@,@L}A{@Y}A2{^r}
20  38.38097976 -081.58502558 48.0700 0 3 {@Y,^l}A1{@L}A{@@,@L}A{@Y}A2{^r}
20  38.37997986 -081.58639652 48.0700 0 3 {@Y,^l}A2{@L}A{@@,@L}A
20  38.37523513 -081.59288836 48.0700 0 3 {@Y,^lu}A2{@L}A{@Y}A2{^rd,@@,@L}A
20  38.37341514 -081.59538087 48.0700 0 3 {@Y,^l}D{^r}{@L}A{@@,@L}A
20  38.37287412 -081.59611548 48.0700 0 3 {@Y,^l}C{^r}{@L}A{@@,@L}A
20  38.37236646 -081.59681611 48.0700 0 3 {@Y,^l}B{^r}{@L}A{@@,@L}A
20  38.37142345 -081.59810172 48.0700 0 3 {@Y,^l}A3{@L}A{@@,@L}A
20  38.36993162 -081.60015418 48.0700 0 3 {@Y,^l}A4{@L}A{@@,@L}A
20  38.37001802 -081.60165549 227.0200 0 3 {@Y,^l}A{@R}23{@@,@R}05
20  38.36955744 -081.60111863 227.0200 0 3 {@Y,^l}A{@R}23{@@,@R}05
20  38.37097177 -081.59919903 227.0200 0 3 {@Y,^l}A4{@R}23{@@,@R}05
20  38.37142053 -081.59973308 227.0200 0 3 {@Y,^l}A4{@R}23{@@,@R}05
20  38.37277473 -081.59787354 227.0200 0 3 {@Y,^l}A3{@R}23{@@,@R}05
20  38.37232385 -081.59734172 227.0200 0 3 {@Y,^l}A3{@R}23{@@,@R}05
20  38.37426599 -081.59468940 227.0200 0 3 {@Y,^l}D{@R}23{@@,@R}05
20  38.37471159 -081.59522418 227.0200 0 3 {@Y,^l}D{@R}23{@@,@R}05
20  38.37680126 -081.59120971 227.0200 0 3 {@Y,^lu}A2{@R}23{@@,@R}05
20  38.37725491 -081.59175096 227.0200 0 3 {@Y,^lu}A2{@R}23{@@,@R}05
20  38.37595802 -081.59352702 48.0700 0 3 {@R}05{@Y}A2{^rd,@@,@R}23
20  38.37549274 -081.59299773 48.0700 0 3 {@R}05{@Y}A2{^rd,@@,@R}23
20  38.37360396 -081.59559426 48.0700 0 3 {@R}05{@Y}D{^r,@@,@R}23{@Y,^l}C
20  38.37405252 -081.59613532 48.0700 0 3 {@R}05{@Y}D{^r,@@,@R}23{@Y,^l}C
20  38.38152146 -081.58590455 48.0700 0 3 {@R}05{@Y}A{^r,@@,@R}23{@Y,^l}A1
20  38.38107270 -081.58536222 48.0700 0 3 {@R}05{@Y}A{^r,@@,@R}23{@Y,^l}A1
20  38.37998955 -081.58684728 48.0700 0 3 {@R}05{@Y}A1{^r,@@,@R}23
20  38.38043188 -081.58738413 48.0700 0 3 {@R}05{@Y}A1{^r,@@,@R}23
20  38.37348468 -081.59691713 48.0700 0 3 {@R}05{@Y}D{^r,@@,@R}23{@Y,^l}B
20  38.37302866 -081.59637204 48.0700 0 3 {@R}05{@Y}D{^r,@@,@R}23{@Y,^l}B
20  38.37255627 -081.59702277 48.0700 0 3 {@R}05{@Y}B{^r,@@,@R}23
20  38.37300032 -081.59756504 48.0700 0 3 {@R}05{@Y}B{^r,@@,@R}23
20  38.37206303 -081.59884587 48.0700 0 3 {@R}05{@Y}A3{^r,@@,@R}23
20  38.37161362 -081.59830868 48.0700 0 3 {@R}05{@Y}A3{^r,@@,@R}23
20  38.37011176 -081.60036343 48.0700 0 3 {@R}05{@Y}A4{^r,@@,@R}23
20  38.37056903 -081.60090689 48.0700 0 3 {@R}05{@Y}A4{^r,@@,@R}23
20  38.37023850 -081.59986107 317.0200 0 3 {@R,^l}05_23{^r}{@@,safety,@Y,^l}A{^r}{@L}A4
20  38.37052980 -081.59945491 317.0200 0 3 {@R,^l}05_23{^r}{@@,safety,@Y,^l}A{^r}{@L}A4
20  38.37161938 -081.59796702 317.0200 0 3 {@R,^l}05_23{^r}{@@,safety,@Y,^l}A{^r}{@L}A3
20  38.37191416 -081.59756436 317.0200 0 3 {@R,^l}05_23{^r}{@@,safety,@Y,^l}A{^r}{@L}A3
20  38.37302475 -081.59604456 317.0200 0 3 {@R,^l}05_23{^r}{@@,safety,@Y,^l}A{^r}{@L}B
20  38.37259976 -081.59662535 317.0200 0 3 {@R,^l}05_23{^r}{@@,safety,@Y,^l}A{^r}{@L}B
20  38.37289574 -081.59622202 317.0200 0 3 {@R,^l}05_23{^r}{@@,safety,@Y,^l}A{^r}{@L}D
20  38.37342192 -081.59550570 317.0200 0 3 {@R,^l}05_23{^r}{@@,safety,@Y,^l}A{^r}{@L}C
20  38.37349781 -081.59539922 317.0200 0 3 {@R,^l}05_23{^r}{@@,safety,@Y,^l}A{^r}{@L}D
20  38.37378873 -081.59499589 317.0200 0 3 {@R,^l}05_23{^r}{@@,safety,@Y,^l}A{^r}{@L}D
20  38.37612319 -081.59179876 359.8200 0 3 {@R,^l}05_23{^r}{@@,safety,@Y,^l}A{^r}{@L}A2
20  38.37577728 -081.59227151 359.8200 0 3 {@R,^l}05_23{^r}{@@,safety,@Y,^l}A{^r}{@L}A2
20  38.38065699 -081.58559120 317.0200 0 3 {@R,^l}23_APCH{^l}{@@,safety,@Y,^l}A{^r}{@L}A1
20  38.38033865 -081.58604024 317.0200 0 3 {@R,^l}23_APCH{^l}{@@,safety,@Y,^l}A{^r}{@L}A1
20  38.38127881 -081.58474083 317.0200 0 3 {@L}A{@Y}A{^l,@R}23_APCH{^l}{@@,safety,@Y,^r}A{@L}A
20  38.38157532 -081.58433482 317.0200 0 3 {@L}A{@Y}A{^l,@R}23_APCH{^l}{@@,safety,@Y,^r}A{@L}A
20  38.36904405 -081.60150009 317.4900 0 3 {@L}A{@Y}A{^r,@R}05_APCH{@@,safety}
20  38.36877890 -081.60190824 317.4900 0 3 {@L}A{@Y}A{^r,@R}05_APCH{@@,safety}
14  38.36980985 -081.59428470 1036.75 0 Tower Viewpoint
15  38.37174020 -081.59232090  89.01 ANG S
15  38.37129413 -081.59668444 180.05 GATE 5
15  38.36434966 -081.59059095 231.94 GA PARKING
18  38.37446779 -081.59402471 1 BCN
19  38.36960667 -081.60242700 1 WS
19  38.38226683 -081.58533999 1 WS
50 12760 ATIS
51 12295 UNICOM
52 11855 CLNC DEL
53 12180 GND
54 12570 CHARLESTON TWR
55 12850 CHARLESTON APP/DEP
55 11920 CHARLESTON APP/DEP
55 12410 CHARLESTON APP/DEP
1000 CALM ATC Flow
1001 KCRW 000 359 2
1002 KCRW 0
1003 KCRW 0
1101 23 left
1100 23  13300 arrivals|departures heavy|jets|turboprops|props|helos 000000 000000 23 Runway Use
1000 FROM EAST ATC Flow
1001 KCRW 140 219 99
1002 KCRW 0
1003 KCRW 0
1101 05 left
1100 05  13300 arrivals|departures heavy|jets|turboprops|props|helos 000000 000000 05 Runway Use
1000 FROM WEST ATC Flow
1001 KCRW 220 139 99
1002 KCRW 0
1003 KCRW 0
1101 23 left
1100 05  13300 arrivals|departures heavy|jets|turboprops|props|helos 000000 000000 23 Runway Use
1200 
1201  38.36397059 -081.59304425 both 0 H_stop
1201  38.36169375 -081.59064735 both 1 H_stop
1201  38.37295678 -081.59665067 both 2 B_stop
1201  38.37305349 -081.59671607 both 3 B_stop
1201  38.37318050 -081.59669675 both 4 B_stop
1201  38.37042121 -081.59274670 both 5 C2_stop
1201  38.37146859 -081.59498464 both 6 B_stop
1201  38.37131104 -081.59480302 both 7 B_stop
1201  38.37201683 -081.59369425 both 8 D_stop
1201  38.37212681 -081.59382517 both 9 D_stop
1201  38.37325225 -081.59501752 both 10 D_stop
1201  38.37343555 -081.59516715 both 11 D_stop
1201  38.37354552 -081.59495674 both 12 D_stop
1201  38.37341722 -081.59479308 both 13 D_stop
1201  38.37311191 -081.59550778 both 14 C_stop
1201  38.37299678 -081.59568168 both 15 C_stop
1201  38.37289074 -081.59555802 both 16 C_stop
1201  38.37298163 -081.59542276 both 17 C_stop
1201  38.36432290 -081.58893481 both 18 B2_stop
1201  38.37250488 -081.59606230 both 19 B_stop
1201  38.37030291 -081.59930121 both 20 A4_stop
1201  38.37028059 -081.59947719 both 21 A4_stop
1201  38.37037639 -081.59967261 both 22 A4_stop
1201  38.37057778 -081.59990865 both 23 A4_stop
1201  38.37068822 -081.59997105 both 24 A4_stop
1201  38.37082543 -081.59990865 both 25 A4_stop
1201  38.37153033 -081.59765513 both 26 A3_stop
1201  38.37162929 -081.59750050 both 27 A3_stop
1201  38.37163918 -081.59763619 both 28 A3_stop
1201  38.37175886 -081.59777761 both 29 A3_stop
1201  38.37195192 -081.59801705 both 30 A3_stop
1201  38.37210731 -081.59808312 both 31 A3_stop
1201  38.37219497 -081.59804246 both 32 A3_stop
1201  38.38026731 -081.58568042 both 33 A1_stop
1201  38.38037617 -081.58568673 both 34 A1_stop
1201  38.38049492 -081.58582559 both 35 A1_stop
1201  38.38070027 -081.58606229 both 36 A1_stop
1201  38.38072501 -081.58620747 both 37 A1_stop
1201  38.38070027 -081.58637789 both 38 A1_stop
1201  38.36572037 -081.59038836 both 39 B3_stop
1201  38.36558490 -081.59045712 both 40 B3_stop
1201  38.36519591 -081.59109686 both 41 B3_start
1201  38.36584441 -081.58840051 both 42 B2_stop
1201  38.36569815 -081.58847723 both 43 B2_stop
1201  38.36449706 -081.59039007 both 44 B2_start
1201  38.36489251 -081.58975351 both 45 B2_start(split)
1201  38.36376513 -081.58965036 both 46 B1_start
1201  38.36416118 -081.58901404 both 47 B1_start(split)
1201  38.36580185 -081.59170976 both 48 B4_stop
1201  38.36834843 -081.59132368 both 49 B4_stop
1201  38.36876851 -081.59137820 both 50 B4_stop
1201  38.37530800 -081.59227055 both 51 A2_stop
1201  38.37531798 -081.59213055 both 52 A2_stop
1201  38.37099725 -081.59204890 both 53 A2_stop
1201  38.37649912 -081.59203573 both 54 A2_stop
1201  38.37594996 -081.59203748 both 55 A2_stop(split)
1201  38.37664256 -081.59195950 both 56 A2_stop
1201  38.37091198 -081.59229136 both 57 D_stop
1201  38.37070046 -081.59250904 both 58 D_stop
1201  38.37535788 -081.59696044 both 59 D_stop
1201  38.37442847 -081.59602360 both 60 D_stop(split)
1201  38.37536686 -081.59718573 both 61 D_stop
1201  38.36530235 -081.58773121 both 62 C_stop
1201  38.37514403 -081.59754078 both 63 C_start
1201  38.37501827 -081.59759323 both 64 C_start(split)
1201  38.37402309 -081.59658590 both 65 C_start(split)(split)
1201  38.37240256 -081.59622058 both 66 B_stop
1201  38.37009694 -081.59372482 both 67 B_stop
1201  38.37110199 -081.59476824 both 68 B_stop(split)
1201  38.37153221 -081.59519718 both 69 B_stop(split)
1201  38.37230459 -081.59597941 both 70 B_stop(split)
1201  38.36915198 -081.59373711 both 71 B_stop
1201  38.36994318 -081.59373002 both 72 B_stop(split)
1201  38.36288745 -081.58876182 both 73 B_start(split)
1201  38.36328485 -081.58811846 both 74 B_start(split)(split)
1201  38.36340604 -081.58802120 both 75 B_start(split)
1201  38.36353807 -081.58803661 both 76 B_start(split)
1201  38.36429241 -081.58880267 both 77 B_start(split)(split)
1201  38.36450199 -081.58901449 both 78 B_start(split)(split)(split)
1201  38.36502513 -081.58954676 both 79 B_start(split)(split)(split)
1201  38.36595856 -081.59049404 both 80 B_start(split)(split)(split)(split)
1201  38.36503156 -081.58763640 both 81 B_start(split)(split)(split)
1201  38.36513802 -081.58763640 both 82 B_start(split)(split)(split)(split)
1201  38.36678044 -081.59132933 both 83 B_start(split)
1201  38.36644542 -081.59133115 both 84 B_start(split)(split)
1201  38.36603922 -081.59134307 both 85 B_start(split)(split)(split)
1201  38.36945970 -081.60183079 both 86 A_stop
1201  38.36927079 -081.60197729 both 87 A_stop
1201  38.36908771 -081.60193998 both 88 A_stop
1201  38.36888995 -081.60170334 both 89 A_stop
1201  38.36878296 -081.60157751 both 90 A_stop
1201  38.36873572 -081.60143187 both 91 A_stop
1201  38.36878657 -081.60128854 both 92 A_stop
1201  38.38101640 -081.58452653 both 93 A_stop
1201  38.37965661 -081.58639496 both 94 A_stop(split)
1201  38.37553278 -081.59203805 both 95 A_stop(split)
1201  38.37505523 -081.59269479 both 96 A_stop(split)(split)
1201  38.37360153 -081.59469202 both 97 A_stop(split)(split)(split)
1201  38.37516831 -081.59204145 both 98 A_stop(split)(split)
1201  38.37339575 -081.59496837 both 99 A_stop(split)
1201  38.37321043 -081.59522952 both 100 A_stop(split)(split)
1201  38.37312229 -081.59534897 both 101 A_stop(split)(split)
1201  38.37319273 -081.59476849 both 102 A_stop(split)(split)
1201  38.37235043 -081.59391401 both 103 A_stop(split)(split)(split)
1201  38.37096660 -081.59248136 both 104 A_stop(split)(split)
1201  38.37086028 -081.59242398 both 105 A_stop(split)(split)(split)
1201  38.37297995 -081.59553603 both 106 A_stop(split)
1201  38.37284136 -081.59574244 both 107 A_stop(split)(split)
1201  38.37277552 -081.59532741 both 108 A_stop(split)(split)
1201  38.37267034 -081.59597066 both 109 A_stop(split)(split)
1201  38.37043527 -081.59293863 both 110 A_stop(split)(split)
1201  38.37011073 -081.59261257 both 111 A_stop(split)(split)(split)
1201  38.37065156 -081.59259341 both 112 A_stop(split)(split)(split)
1201  38.36904547 -081.59152993 both 113 A_stop(split)(split)(split)
1201  38.36602473 -081.58846334 both 114 A_stop(split)(split)(split)(split)
1201  38.37250838 -081.59618514 both 115 A_stop(split)
1201  38.37232200 -081.59644365 both 116 A_stop(split)(split)
1201  38.37274461 -081.59642796 both 117 A_stop(split)(split)
1201  38.37179671 -081.59716526 both 118 A_stop(split)(split)
1201  38.37138568 -081.59669253 both 119 A_stop(split)(split)(split)
1201  38.37140230 -081.59540346 both 120 A_stop(split)(split)(split)(split)
1201  38.37127797 -081.59788549 both 121 A_stop(split)(split)(split)
1201  38.37061860 -081.59878401 both 122 A_stop(split)(split)(split)(split)
1201  38.36944635 -081.60039226 both 123 A_stop(split)(split)(split)(split)(split)
1201  38.38117283 -081.58436846 both 124 A_stop
1201  38.38131962 -081.58441715 both 125 A_stop
1201  38.38142322 -081.58454422 both 126 A_stop
1201  38.38163041 -081.58478311 both 127 A_stop
1201  38.38165033 -081.58493560 both 128 A_stop
1201  38.38163838 -081.58505758 both 129 A_stop
1201  38.38159057 -081.58521515 both 130 A_stop
1201  38.38093672 -081.58611155 both 131 5/23_stop
1201  38.36977786 -081.60138990 both 132 5/23_start
1201  38.37119010 -081.59946088 both 133 5/23_start(split)
1201  38.37251771 -081.59764606 both 134 5/23_start(split)
1201  38.37338559 -081.59645151 both 135 5/23_start(split)(split)
1201  38.37360283 -081.59615288 both 136 5/23_start(split)
1201  38.37322417 -081.59577011 both 137 5/23_start(split)(split)
1201  38.37401143 -081.59559344 both 138 5/23_start(split)(split)
1201  38.37363391 -081.59520833 both 139 5/23_start(split)(split)(split)
1201  38.37695733 -081.59156815 both 140 5/23_start(split)(split)(split)
1201  38.38023267 -081.58707536 both 141 5/23_start(split)(split)(split)(split)
1201  38.37212445 -081.59367613 both 142 C3_stop
1201  38.37191052 -081.59345578 both 143 C3_stop(split)
1201  38.37174719 -081.59427217 both 144 B6_stop
1201  38.37196551 -081.59393272 both 145 B6_stop(split)
1201  38.37146556 -081.59471801 both 146 B6_start(split)
1202 0 41 twoway taxiway H
1202 1 0 twoway taxiway H
1202 73 1 twoway taxiway H
1202 41 48 twoway taxiway G
1202 44 41 twoway taxiway G
1202 46 44 twoway taxiway G
1202 73 46 twoway taxiway G
1202 118 119 twoway taxiway F
1202 119 120 twoway taxiway F
1202 120 69 twoway taxiway F
1202 2 117 twoway taxiway B
1204 departure 05,23
1204 arrival 05,23
1202 3 2 twoway taxiway B
1204 departure 05,23
1204 arrival 05,23
1202 4 3 twoway taxiway B
1204 departure 05,23
1204 arrival 05,23
1202 135 4 twoway taxiway B
1204 departure 05,23
1204 arrival 05,23
1202 5 111 twoway taxiway C2
1202 112 5 twoway taxiway C2
1202 6 69 twoway taxiway B
1202 146 6 twoway taxiway B
1202 7 146 twoway taxiway B
1202 68 7 twoway taxiway B
1202 8 143 twoway taxiway D
1202 145 8 twoway taxiway D
1202 9 103 twoway taxiway D
1202 145 9 twoway taxiway D
1202 10 102 twoway taxiway D
1202 100 10 twoway taxiway D
1202 11 100 twoway taxiway D
1202 139 11 twoway taxiway D
1202 12 139 twoway taxiway D
1202 97 12 twoway taxiway D
1202 13 97 twoway taxiway D
1202 102 13 twoway taxiway D
1202 14 101 twoway taxiway C
1202 137 14 twoway taxiway C
1202 15 137 twoway taxiway C
1202 107 15 twoway taxiway C
1202 16 107 twoway taxiway C
1202 108 16 twoway taxiway C
1202 17 101 twoway taxiway C
1202 108 17 twoway taxiway C
1202 18 78 twoway taxiway B2
1202 47 18 twoway taxiway B2
1202 19 109 twoway taxiway B
1202 70 19 twoway taxiway B
1202 20 122 twoway taxiway A4
1202 21 20 twoway taxiway A4
1202 22 21 twoway taxiway A4
1202 23 22 twoway taxiway A4
1204 departure 05,23
1204 arrival 05,23
1202 24 23 twoway taxiway A4
1204 departure 05,23
1204 arrival 05,23
1202 25 24 twoway taxiway A4
1204 departure 05,23
1204 arrival 05,23
1202 133 25 twoway taxiway A4
1204 departure 05,23
1204 arrival 05,23
1202 26 121 twoway taxiway A3
1202 28 26 twoway taxiway A3
1202 27 118 twoway taxiway A3
1202 28 27 twoway taxiway A3
1202 29 28 twoway taxiway A3
1202 30 29 twoway taxiway A3
1204 departure 05,23
1204 arrival 05,23
1202 31 30 twoway taxiway A3
1204 departure 05,23
1204 arrival 05,23
1202 32 31 twoway taxiway A3
1204 departure 05,23
1204 arrival 05,23
1202 134 32 twoway taxiway A3
1204 departure 05,23
1204 arrival 05,23
1202 33 94 twoway taxiway A1
1202 34 33 twoway taxiway A1
1202 35 34 twoway taxiway A1
1202 36 35 twoway taxiway A1
1204 departure 05,23
1204 arrival 05,23
1202 37 36 twoway taxiway A1
1204 departure 05,23
1204 arrival 05,23
1202 38 37 twoway taxiway A1
1204 departure 05,23
1204 arrival 05,23
1202 141 38 twoway taxiway A1
1204 departure 05,23
1204 arrival 05,23
1202 39 80 twoway taxiway B3
1202 40 39 twoway taxiway B3
1202 41 40 twoway taxiway B3
1202 42 114 twoway taxiway B2
1202 43 42 twoway taxiway B2
1202 79 43 twoway taxiway B2
1202 44 45 twoway taxiway B2
1202 45 79 twoway taxiway B2
1202 77 81 twoway taxiway B1
1202 81 82 twoway taxiway B1
1202 82 62 twoway taxiway B1
1202 46 47 twoway taxiway B1
1202 47 77 twoway taxiway B1
1202 83 84 twoway taxiway B4
1202 84 85 twoway taxiway B4
1202 85 48 twoway taxiway B4
1202 49 83 twoway taxiway B4
1202 50 49 twoway taxiway B4
1202 113 50 twoway taxiway B4
1202 110 112 twoway taxiway C2
1202 112 58 twoway taxiway C2
1202 58 53 twoway taxiway C2
1202 72 110 twoway taxiway B5
1202 51 96 twoway taxiway A2
1202 52 51 twoway taxiway A2
1202 98 52 twoway taxiway A2
1202 95 98 twoway taxiway A2
1202 98 53 twoway taxiway A2
1202 54 55 twoway taxiway A2
1204 departure 05,23
1204 arrival 05,23
1202 55 95 twoway taxiway A2
1202 56 54 twoway taxiway A2
1204 departure 05,23
1204 arrival 05,23
1202 140 56 twoway taxiway A2
1204 departure 05,23
1204 arrival 05,23
1202 57 53 twoway taxiway D
1202 104 57 twoway taxiway D
1202 99 102 twoway taxiway D
1202 102 103 twoway taxiway D
1202 103 142 twoway taxiway D
1202 142 143 twoway taxiway D
1202 143 104 twoway taxiway D
1202 104 105 twoway taxiway D
1202 105 58 twoway taxiway D
1202 138 139 twoway taxiway D
1204 departure 05,23
1204 arrival 05,23
1202 139 99 twoway taxiway D
1202 59 60 twoway taxiway D
1202 60 138 twoway taxiway D
1204 departure 05,23
1204 arrival 05,23
1202 61 59 twoway taxiway D
1202 63 61 twoway taxiway D
1202 106 108 twoway taxiway C
1202 108 144 twoway taxiway C
1202 144 110 twoway taxiway C
1202 110 111 twoway taxiway C
1202 111 113 twoway taxiway C
1202 113 114 twoway taxiway C
1202 114 62 twoway taxiway C
1202 136 137 oneway taxiway C
1204 departure 05,23
1204 arrival 05,23
1202 137 106 twoway taxiway C
1202 63 64 twoway taxiway C
1202 64 65 twoway taxiway C
1202 65 136 twoway taxiway C
1204 departure 05,23
1204 arrival 05,23
1202 115 117 oneway taxiway B
1202 66 116 twoway taxiway B
1202 70 66 twoway taxiway B
1202 67 68 twoway taxiway B
1202 68 69 twoway taxiway B
1202 69 70 twoway taxiway B
1202 70 115 twoway taxiway B
1202 71 72 twoway taxiway B
1202 72 67 twoway taxiway B
1202 73 74 twoway taxiway B
1202 74 75 twoway taxiway B
1202 75 76 twoway taxiway B
1202 76 77 twoway taxiway B
1202 77 78 twoway taxiway B
1202 78 79 twoway taxiway B
1202 79 80 twoway taxiway B
1202 80 83 twoway taxiway B
1202 83 71 twoway taxiway B
1202 86 132 twoway taxiway A
1204 departure 05,23
1204 arrival 05,23
1202 87 86 twoway taxiway A
1204 departure 05,23
1204 arrival 05,23
1202 88 87 twoway taxiway A
1204 departure 05,23
1204 arrival 05,23
1202 89 88 twoway taxiway A
1204 departure 05,23
1204 arrival 05,23
1202 90 89 twoway taxiway A
1204 departure 05,23
1204 arrival 05,23
1204 ils 05
1202 91 90 twoway taxiway A
1204 departure 05,23
1204 arrival 05,23
1204 ils 05
1202 92 91 twoway taxiway A
1204 departure 05,23
1204 arrival 05,23
1204 ils 05
1202 93 94 twoway taxiway A
1202 94 95 twoway taxiway A
1202 95 96 twoway taxiway A
1202 96 97 twoway taxiway A
1202 97 99 twoway taxiway A
1202 99 100 twoway taxiway A
1202 100 101 twoway taxiway A
1202 101 106 twoway taxiway A
1202 106 107 twoway taxiway A
1202 107 109 twoway taxiway A
1202 109 115 twoway taxiway A
1202 115 116 twoway taxiway A
1202 116 118 twoway taxiway A
1202 118 121 twoway taxiway A
1202 121 122 twoway taxiway A
1202 122 123 twoway taxiway A
1202 123 92 twoway taxiway A
1204 departure 05,23
1204 arrival 05,23
1204 ils 05
1202 124 93 twoway taxiway A
1202 125 124 twoway taxiway A
1202 126 125 twoway taxiway A
1202 127 126 twoway taxiway A
1204 departure 05,23
1204 arrival 05,23
1202 128 127 twoway taxiway A
1204 departure 05,23
1204 arrival 05,23
1202 129 128 twoway taxiway A
1204 departure 05,23
1204 arrival 05,23
1202 130 129 twoway taxiway A
1204 departure 05,23
1204 arrival 05,23
1202 131 130 twoway taxiway A
1204 departure 05,23
1204 arrival 05,23
1202 132 133 twoway runway 05/23
1202 133 134 twoway runway 05/23
1204 departure 05,23
1204 arrival 05,23
1204 ils 05,23
1202 134 135 twoway runway 05/23
1204 departure 05,23
1204 arrival 05,23
1204 ils 05,23
1202 135 136 twoway runway 05/23
1204 departure 05,23
1204 arrival 05,23
1204 ils 05,23
1202 136 138 twoway runway 05/23
1204 departure 05,23
1204 arrival 05,23
1204 ils 05,23
1202 138 140 twoway runway 05/23
1204 departure 05,23
1204 arrival 05,23
1204 ils 05,23
1202 140 141 twoway runway 05/23
1204 departure 05,23
1204 arrival 05,23
1204 ils 05,23
1202 141 131 twoway runway 05/23
1204 departure 05,23
1204 arrival 05,23
1204 ils 05,23
1202 144 145 twoway taxiway C3
1202 146 144 twoway taxiway B6
99
